class,line,hits
org.apache.commons.lang3.Conversion,65,1
org.apache.commons.lang3.Conversion,603,126
org.apache.commons.lang3.Conversion,604,126
org.apache.commons.lang3.Conversion,607,126
org.apache.commons.lang3.Conversion,1388,20
org.apache.commons.lang3.Conversion,1389,4
org.apache.commons.lang3.Conversion,1391,16
org.apache.commons.lang3.Conversion,1395,16
org.apache.commons.lang3.Conversion,1396,16
org.apache.commons.lang3.Conversion,1397,16
org.apache.commons.lang3.Conversion,1398,141
org.apache.commons.lang3.Conversion,1399,126
org.apache.commons.lang3.Conversion,1400,126
org.apache.commons.lang3.Conversion,1401,126
org.apache.commons.lang3.Conversion,1402,16
org.apache.commons.lang3.Conversion,1403,16
org.apache.commons.lang3.Conversion,1404,16
org.apache.commons.lang3.Conversion,1405,110
org.apache.commons.lang3.Conversion,1408,15
