class,line,hits
org.apache.commons.lang3.ArrayUtils,49,1
org.apache.commons.lang3.ArrayUtils,53,1
org.apache.commons.lang3.ArrayUtils,57,1
org.apache.commons.lang3.ArrayUtils,61,1
org.apache.commons.lang3.ArrayUtils,65,1
org.apache.commons.lang3.ArrayUtils,69,1
org.apache.commons.lang3.ArrayUtils,73,1
org.apache.commons.lang3.ArrayUtils,77,1
org.apache.commons.lang3.ArrayUtils,81,1
org.apache.commons.lang3.ArrayUtils,85,1
org.apache.commons.lang3.ArrayUtils,89,1
org.apache.commons.lang3.ArrayUtils,93,1
org.apache.commons.lang3.ArrayUtils,97,1
org.apache.commons.lang3.ArrayUtils,101,1
org.apache.commons.lang3.ArrayUtils,105,1
org.apache.commons.lang3.ArrayUtils,109,1
org.apache.commons.lang3.ArrayUtils,113,1
org.apache.commons.lang3.ArrayUtils,117,1
org.apache.commons.lang3.ArrayUtils,121,1
org.apache.commons.lang3.ArrayUtils,128,1
org.apache.commons.lang3.ArrayUtils,3054,4
org.apache.commons.lang3.ArrayUtils,3055,1
org.apache.commons.lang3.ArrayUtils,3056,3
org.apache.commons.lang3.ArrayUtils,3057,1
org.apache.commons.lang3.ArrayUtils,3059,2
org.apache.commons.lang3.ArrayUtils,3060,8
org.apache.commons.lang3.ArrayUtils,3061,6
org.apache.commons.lang3.ArrayUtils,3062,6
org.apache.commons.lang3.ArrayUtils,3064,2
